              precision    recall  f1-score   support

           0       0.93      0.95      0.94       251
           1       0.94      0.97      0.96       263
           2       0.87      0.91      0.89       233
           3       0.88      0.86      0.87       289
           4       0.89      0.91      0.90       203
           5       0.86      0.87      0.86       247
           6       0.93      0.94      0.93       254
           7       0.90      0.91      0.91       260
           8       0.87      0.79      0.83       243
           9       0.90      0.87      0.89       257

    accuracy                           0.90      2500
   macro avg       0.90      0.90      0.90      2500
weighted avg       0.90      0.90      0.90      2500
